50
1 0 65
2 1 23
3 1 53
4 2 30
5 3 88
6 4 42
7 5 34
8 5 56
9 6 44
10 6 66
11 7 30
12 7 21
13 8 120
14 9 222
15 10 98
16 13 100
17 19 50
18 20 45
19 22 55
20 23 9
21 24 44
22 25 19
23 30 44
24 34 18
25 37 91
26 39 99
27 40 12
28 41 270
29 47 189
30 48 34
31 48 55
32 49 93
33 50 85
34 52 42
35 53 11
36 59 88
37 62 46
38 65 59
39 70 98
40 68 56
41 80 22
42 82 43
43 89 38
44 90 19
45 100 55
46 112 115
47 121 65
48 134 156
49 242 43
50 285 17













